weak_posfold
-0.34871288061260697
-0.34871288061260697
0.2702603401006354
-0.5976402438816896
-0.4306480328516704
-0.37147597282187006
-0.15459628253636815
-0.23009577591536534
0.16272059840463404
-0.23009577591536534
0.187741959598417
-0.30471591305425394
-0.0448538393816475
0.08298188090737157
0.08298188090737157
0.08298188090737157
-0.5976402438816896
-0.0448538393816475
0.24439351146430532
0.24439351146430532
-0.5976402438816896
-0.5976402438816896
-0.5976402438816896
0.020477915966811366
-0.4306480328516704
-0.4306480328516704
-0.11775368535101072
-0.20734158420838933
-0.11775368535101072
-0.11775368535101072
-0.0052624830555298985
-0.0052624830555298985
-0.0052624830555298985
-0.0052624830555298985
-0.3774361409949608
-0.3835203438046486
-0.4306480328516704
-0.4461683813055467
-0.4093209433044124
0.33156030065868103
-0.5976402438816896
-0.5976402438816896
-0.23009577591536534
0.3457458315958838
0.3457458315958838
0.3457458315958838
0.3457458315958838
0.3457458315958838
0.3457458315958838
0.42781972642778243
0.42781972642778243
0.42781972642778243
0.3613302917505228
0.3613302917505228
0.3613302917505228
-0.26041615012675556
-0.3299753870602402
0.5158629968639151
0.5158629968639151
0.5158629968639151
0.5158629968639151
0.5158629968639151
0.5158629968639151
0.5158629968639151
0.5158629968639151
-0.34871288061260697
0.17746640952578552
0.18480983474096147
0.18480983474096147
0.18480983474096147
0.11342228708940094
0.11342228708940094
0.11342228708940094
